PCA precision:
[0.8794345633361635, 0.8357748529399099, 0.8350371941161823, 0.8376905609233223, 0.8880603832004675, 0.9010077255579325, 0.926416230530014, 0.8872748395079549, 0.887692770120107, 0.9303303452582565, 0.9051765422264826, 0.9382211304804752, 0.9244425685336672, 0.9085883057496191, 0.9120355588268675, 0.9377170529275792, 0.9523423171114072, 0.9495128350924229, 0.9675837999998599, 0.9812525252525252, 0.959647989769941]

PCA recall:
[0.8975353535353536, 0.8814545454545455, 0.8855151515151516, 0.8815353535353536, 0.9016565656565657, 0.9014343434343435, 0.9236969696969698, 0.9036767676767677, 0.8834747474747475, 0.9076565656565657, 0.8935555555555557, 0.9137777777777778, 0.8955353535353534, 0.8835757575757576, 0.8895353535353536, 0.8635757575757577, 0.9156767676767676, 0.9097373737373738, 0.9498585858585858, 0.9717777777777779, 0.9538787878787879]

PCA f1:
[0.8827134458492422, 0.8505791831170983, 0.8547969725352041, 0.8559368492741696, 0.886287640937101, 0.8912246002775106, 0.9173010773010773, 0.8878068441437869, 0.8780656556093815, 0.915948536412387, 0.8974149263096161, 0.9220160707857776, 0.9068603859640065, 0.8939819532453661, 0.8976140886252842, 0.886306103161888, 0.9264459785109052, 0.9208999770055021, 0.9545335074023811, 0.9744254186464489, 0.9556553210906225]

LDA precision:
[0.8332536470870853, 0.8324991268685983, 0.8426973291602321, 0.8730162681267373, 0.8793912319749744, 0.884852234911115, 0.9601633004075533, 0.9699927261437699, 0.8406450294326484, 0.8834236625615898, 0.8130393245587186, 0.8346265585144372, 0.939905258320543, 0.8750791804856901, 0.814167056422814, 0.9101027856213927, 0.9487305541292104, 0.9165306799158035, 0.8784802896414152, 0.9522677566228099, 0.9787027199645273]

LDA recall:
[0.8754141414141413, 0.8874141414141414, 0.8934949494949496, 0.8854949494949494, 0.8876565656565656, 0.8994343434343435, 0.9538181818181817, 0.9658585858585859, 0.9015555555555554, 0.9076767676767676, 0.9016363636363636, 0.9035555555555556, 0.9358181818181819, 0.9015555555555557, 0.9014545454545455, 0.9175959595959597, 0.9497575757575758, 0.9237777777777778, 0.9097373737373738, 0.9518181818181819, 0.9779393939393939]

LDA f1:
[0.8519099235761567, 0.8562063864179794, 0.8646486631031169, 0.8756375030094965, 0.8780918374378268, 0.875483306589862, 0.9559684182081725, 0.9669826041321408, 0.8586175880894349, 0.885459760098058, 0.8550249209958057, 0.8594749869578051, 0.9218082026248755, 0.8652760330720095, 0.8551954559584771, 0.8975844894182023, 0.9414170613814614, 0.9127495826487969, 0.8729997083504093, 0.9456488302517172, 0.9762176613805902]