PCA precision:
[0.8347603550295858, 0.8405325443786982, 0.8399408284023668, 0.8405325443786984, 0.8405078895463511, 0.8399398422090731, 0.8423076923076923, 0.89501775147929]

PCA recall:
[0.8615384615384615, 0.9153846153846154, 0.9, 0.9, 0.9, 0.8923076923076924, 0.876923076923077, 0.9307692307692307]

PCA f1:
[0.8474363146240493, 0.8756807953950811, 0.8675039246467817, 0.867680795395081, 0.8678440607012036, 0.8639673951413627, 0.8549356973558655, 0.9067830978545264]

LDA precision:
[0.8399408284023668, 0.839491124260355, 0.8399408284023668, 0.839491124260355, 0.8400118343195266, 0.8411242603550297, 0.8423076923076923, 0.8393491124260357]

LDA recall:
[0.8923076923076924, 0.9076923076923077, 0.9076923076923077, 0.9, 0.8846153846153847, 0.9153846153846155, 0.9153846153846154, 0.9153846153846154]

LDA f1:
[0.8632590266875981, 0.8717800861752231, 0.8715823560193308, 0.867858517547772, 0.8600141287284144, 0.8758889637688135, 0.8762122931005463, 0.8753470619016838]