PCA precision:
[0.8932347965927683, 0.8920690287170304, 0.8941188742736148, 0.9004251635767503, 0.9011226949721743, 0.9024528986045806, 0.9373030870998292, 0.9387263048455801, 0.9486522659511598, 0.9648644290245123, 0.969130163201811, 0.9802570948614543, 0.9870941554484428, 0.9900357311130226, 0.9867143630262065, 0.9829920771764001, 0.9773340068164724, 0.9698063945257467, 0.9701734592066877, 0.9627570384528024, 0.9647895643176726]

PCA recall:
[0.9125555419673066, 0.9215563980269863, 0.9251559251559252, 0.9242672536790184, 0.921560474501651, 0.9224491459785578, 0.9422893481717012, 0.9413884472708002, 0.9431902490726021, 0.963919122742652, 0.9675349557702498, 0.9792629733806205, 0.9864701805878276, 0.9900819371407608, 0.9864783335371572, 0.9828665769842241, 0.977440789205495, 0.9702498878969468, 0.970245811422282, 0.9639435815906403, 0.9648404060168765]

PCA f1:
[0.8992563947997269, 0.9015594920981341, 0.904807271291317, 0.9038769226532655, 0.9005849695501904, 0.9105974749487302, 0.9369225258266412, 0.9389174122036265, 0.9443439408251517, 0.9640249049541889, 0.9674861816934295, 0.9789778660981711, 0.9866330382394894, 0.9897681784879122, 0.9856654506865079, 0.9817362118185639, 0.9750511187594657, 0.9662362386391923, 0.9664609150628356, 0.9591528895452847, 0.9599873578717857]

LDA precision:
[0.897855869731225, 0.9004012038849295, 0.9094035534483457, 0.8808324667773189, 0.8703491973433763, 0.8983823364551349, 0.9126773032090961, 0.9019845812407528, 0.9252991285981353, 0.9221538583643498, 0.9425275049180051, 0.9384642171299035, 0.9463626756913616, 0.9551199581939823, 0.953185576449265, 0.9528259328843616, 0.9525606083929091, 0.9569710544146849, 0.9556401231330695, 0.9529863616799616, 0.9586713614302097]

LDA recall:
[0.9170600464718112, 0.9242631772043538, 0.928771758183523, 0.9260527495821614, 0.9197423668011904, 0.9251559251559252, 0.9269658799070564, 0.9080061962414903, 0.9116301822184175, 0.8981044392809098, 0.9179487179487179, 0.8935836288777466, 0.8944804533039827, 0.9007826831356244, 0.9008234478822714, 0.9089478618890384, 0.9152623211446741, 0.922445069503893, 0.9206554971260854, 0.9278749337572867, 0.9314622314622314]

LDA f1:
[0.9038923913020364, 0.9045797230591315, 0.9026440780464358, 0.8992436186626496, 0.8931508416569047, 0.9071954210866592, 0.9155303138047994, 0.9045217934127864, 0.9162024935410622, 0.9076093055554881, 0.9270984511839145, 0.909440380717828, 0.9126862952622273, 0.918661355069451, 0.9177759231514487, 0.9242805726487271, 0.9279492653352877, 0.9335824697382369, 0.931993679854785, 0.9366553341870066, 0.9404194488598149]